25      0.73    0.75    0.02
50      0.75    0.84    0.09
75      0.78    0.98    0.20
100     0.83    1.15    0.32
125     0.94    1.44    0.50
150     0.98    1.67    0.69
175     0.14    1.04    0.90
200     0.22    1.32    1.10
225     0.38    1.76    1.38
250     0.54    2.21    1.67
275     0.28    2.23    1.95
300     0.37    2.66    2.29
325     0.40    3.03    2.63
350     0.41    3.37    2.96
375     0.47    3.81    3.34
400     0.55    4.21    3.66
425     0.64    4.69    4.05
450     0.73    5.14    4.41
475     0.82    5.62    4.80
500     0.82    5.97    5.15