# nu U_S U_Br
   20   10.0     3.28
   70   10.4     3.00
  100   10.4     2.68
  120   10.3     2.52
  140   10.3     2.18
  160   10.3     1.94
  180   10.3     1.74
  200   10.3     1.50
  220   10.2     1.28
  230   10.2     1.20
  240   10.2     1.09
  260   10.0     0.92
  280   10.2     0.77
  300   10.0     0.595
  320   10.1     0.46
  340   10.0     0.31
  360   10.1     0.188
  380   10.1     0.085
  387   10.0     0.0645
  390   10.0     0.0645
  392   10.0     0.0655
  400    9.8     0.089
  450   10.1     0.33
  500   10.0     0.575
  600   10.0     0.98
  700   10.1     1.27
  800   10.0     1.54
  900   10.1     1.76
 1000   10.1     1.94
 1500   10.1     2.52
 2000   10.0     2.8
 2500   10.0     2.94
 3000   10.2     3.06
 4000   10.4     3.10
 5000   10.4     3.16
10000   10.4     3.12
15000   10.2     2.88
20000    9.3     2.48
25000    7.65    2.1
30000    6.15    1.67  