25     0.55    0.58    0.03
50       0.43    0.54    0.11
75     0.33    0.56    0.23
100      0.23    0.62    0.39
125    0.13    0.71    0.58
150      0.02    0.83    0.81
175    0.98    2.05    1.07
200      0.90    2.20    1.30
225    0.75    2.44    1.69
250      0.67    2.71    2.04
275    0.62    3.01    2.39
300      0.60    3.28    2.68
325    0.55    3.62    3.07
350      0.55    3.93    3.38
375    0.36    4.34    3.98
400      0.45    4.87    4.42
425    0.46    5.15    4.69
450      0.50    5.55    5.05
475    0.50    6.12    5.62
500      0.39    6.53    6.14