1       24.52   25.81   26.37   24.56   24.77   25.74   26.00   24.58
2       24.55   25.91   26.51   24.59   24.81   25.99   26.04   24.58
3       24.58   26.46   27.22   24.62   24.90   27.19   26.11   24.57
4       24.62   27.46   28.44   24.68   25.13   28.92   26.28   24.57
5       24.71   28.69   29.90   24.77   25.57   30.78   26.62   24.57
6       24.85   30.03   31.46   24.93   26.16   32.59   27.11   24.58
7       25.07   31.40   33.01   25.16   26.87   34.30   27.73   24.58
8       25.35   32.74   34.54   25.47   27.66   35.89   28.45   24.58
9       25.70   34.03   35.98   25.84   28.50   37.36   29.25   24.59
10      26.11   35.26   37.35   26.26   29.36   38.73   30.09   24.60
11      26.54   36.41   38.66   26.73   30.25   40.00   30.97   24.60
12      27.02   37.51   39.87   27.23   31.15   41.19   31.86   24.61
13      27.52   38.53   41.01   27.75   32.03   42.28   32.76   24.63
14      28.04   39.50   42.07   28.28   32.92   43.31   33.65   24.64
15      28.57   40.39   43.05   28.83   33.81   44.28   34.55   24.67
16      29.10   41.25   43.98   29.40   34.68   45.20   35.41   24.69
17      29.65   42.05   44.84   29.95   35.54   46.06   36.26   24.73
18      30.20   42.81   45.64   30.50   36.38   46.88   37.09   24.76
19      30.74   43.52   46.40   31.07   37.21   47.65   37.90   24.80
20      31.28   44.19   47.10   31.62   38.01   48.39   38.68   24.85
21      31.82   44.83   47.77   32.17   38.81   49.10   39.44   24.90
22      32.35   45.41   48.35   32.70   39.57   49.70   40.17   24.95
23      32.89   45.62   48.43   33.23   40.31   49.53   40.86   25.02
24      33.40   45.37   47.98   33.75   40.91   48.73   41.43   25.09
25      33.88   44.84   47.23   34.21   41.32   47.74   41.85   25.16
26      34.29   44.17   46.37   34.60   41.56   46.72   42.09   25.24
27      34.62   43.44   45.46   34.92   41.67   45.75   42.19   25.33
28      34.90   42.70   44.55   35.16   41.68   44.85   42.17   25.41
29      35.10   41.99   43.68   35.33   41.62   44.03   42.03   25.50
30      35.25   41.31   42.86   35.44   41.51   43.29   41.84   25.60
31      35.35   40.67   42.08   35.51   41.36   42.61   41.57   25.70
32      35.41   40.08   41.35   35.54   41.18   42.00   41.27   25.80
33      35.44   39.54   40.69   35.52   40.99   41.45   40.93   25.91
34      35.45   39.03   40.07   35.50   40.77   40.94   40.58   26.01
35      35.44   38.58   39.51   35.45   40.54   40.48   40.21   26.12
36      35.41   38.15   38.99   35.38   40.31   40.06   39.84   26.21
37      35.37   37.77   38.51   35.30   40.08   39.67   39.48   26.32
38      35.32   37.41   38.08   35.21   39.84   39.31   39.11   26.42
39      35.26   37.10   37.68   35.12   39.60   38.98   38.76   26.52
40      35.20   36.80   37.32   35.03   39.36   38.67   38.40   26.61
41      35.13   36.53   36.99   34.93   39.12   38.38   38.07   26.71
42      35.07   36.29   36.70   34.83   38.89   38.15   37.75   26.81
43      35.00   36.39   36.86   34.73   38.67   38.72   37.44   26.89
44      34.93   36.99   37.63   34.64   38.58   40.00   37.23   26.98
45      34.90   37.91   38.71   34.58   38.67   41.54   37.18   27.07
46      34.92   38.98   39.97   34.58   38.94   43.09   37.30   27.14
47      35.01   40.13   41.25   34.66   39.36   44.55   37.57   27.22
48      35.16   41.25   42.52   34.81   39.86   45.91   37.96   27.29
49      35.39   42.36   43.75   35.03   40.42   47.18   38.44   27.36
50      35.67   43.42   44.91   35.31   41.02   48.33   38.99   27.42
51      35.99   44.42   46.03   35.62   41.65   49.40   39.59   27.48
52      36.35   45.35   47.06   35.98   42.30   50.39   40.23   27.55
53      36.73   46.25   48.04   36.36   42.96   51.30   40.88   27.61
54      37.14   47.07   48.94   36.77   43.62   52.16   41.56   27.68
55      37.56   47.86   49.79   37.19   44.28   52.95   42.22   27.74
56      37.99   48.59   50.57   37.61   44.93   53.69   42.88   27.79
57      38.44   49.27   51.30   38.05   45.57   54.39   43.53   27.86
58      38.87   49.92   51.97   38.48   46.21   55.05   44.18   27.93
59      39.32   50.53   52.61   38.91   46.84   55.68   44.79   27.99
60      39.76   51.10   53.20   39.35   47.46   56.27   45.41   28.06
61      40.20   51.64   53.76   39.78   48.07   56.84   46.00   28.13
62      40.64   52.15   54.27   40.21   48.65   57.34   46.57   28.20
63      41.07   52.36   54.37   40.63   49.22   57.18   47.12   28.28
64      41.49   52.09   53.91   41.04   49.68   56.35   47.58   28.36
65      41.88   51.53   53.13   41.40   49.96   55.26   47.89   28.44
66      42.22   50.81   52.21   41.70   50.07   54.14   48.03   28.53
67      42.49   50.02   51.25   41.93   50.05   53.05   48.03   28.62
68      42.68   49.23   50.29   42.09   49.93   52.04   47.91   28.71
69      42.81   48.46   49.36   42.17   49.75   51.11   47.69   28.81
70      42.88   47.72   48.47   42.21   49.51   50.26   47.41   28.90
71      42.91   47.03   47.65   42.20   49.24   49.48   47.06   29.00
72      42.90   46.38   46.87   42.14   48.95   48.77   46.68   29.10
73      42.86   45.78   46.15   42.06   48.63   48.12   46.27   29.20
74      42.80   45.22   45.49   41.96   48.30   47.52   45.84   29.31
75      42.72   44.70   44.87   41.83   47.97   46.96   45.41   29.40
76      42.62   44.23   44.30   41.70   47.63   46.46   44.97   29.50
77      42.51   43.80   43.79   41.56   47.29   45.99   44.53   29.60
78      42.40   43.39   43.31   41.40   46.94   45.55   44.11   29.69
79      42.28   43.02   42.87   41.24   46.61   45.14   43.68   29.78
80      42.15   42.68   42.46   41.08   46.27   44.76   43.28   29.87
81      42.02   42.37   42.09   40.92   45.94   44.40   42.88   29.97
82      41.89   42.09   41.77   40.75   45.62   44.10   42.50   30.04
83      41.76   42.13   41.87   40.59   45.32   44.56   42.15   30.13
84      41.64   42.67   42.58   40.43   45.13   45.76   41.89   30.20
85      41.55   43.53   43.61   40.32   45.13   47.22   41.78   30.28
86      41.51   44.55   44.80   40.26   45.32   48.68   41.84   30.34
87      41.54   45.64   46.03   40.28   45.64   50.06   42.05   30.40
88      41.64   46.72   47.26   40.38   46.05   51.36   42.38   30.46
89      41.80   47.77   48.43   40.54   46.53   52.55   42.81   30.52
90      42.03   48.78   49.55   40.75   47.06   53.65   43.31   30.58
91      42.29   49.74   50.62   41.02   47.60   54.65   43.86   30.63
92      42.59   50.63   51.61   41.32   48.18   55.58   44.44   30.69
93      42.93   51.47   52.54   41.65   48.76   56.44   45.05   30.74
94      43.28   52.27   53.41   42.00   49.34   57.23   45.67   30.79
95      43.64   53.00   54.21   42.37   49.93   57.97   46.29   30.84
96      44.02   53.69   54.96   42.74   50.52   58.67   46.91   30.89
97      44.41   54.34   55.65   43.12   51.10   59.32   47.53   30.94
98      44.80   54.95   56.31   43.51   51.67   59.93   48.13   30.99
99      45.19   55.52   56.91   43.90   52.23   60.51   48.72   31.05
100     45.58   56.05   57.47   44.28   52.79   61.06   49.29   31.11
101     45.97   56.56   58.00   44.67   53.33   61.57   49.85   31.17
102     46.36   57.03   58.48   45.05   53.86   62.06   50.39   31.22
103     46.75   57.26   58.63   45.43   54.37   61.99   50.91   31.30
104     47.12   57.03   58.20   45.79   54.80   61.19   51.34   31.36
105     47.47   56.46   57.44   46.12   55.05   60.08   51.65   31.44
106     47.77   55.73   56.51   46.39   55.14   58.93   51.78   31.52
107     48.00   54.92   55.53   46.59   55.08   57.80   51.77   31.59
108     48.15   54.10   54.55   46.71   54.93   56.74   51.64   31.67
109     48.24   53.29   53.61   46.77   54.71   55.77   51.41   31.76
110     48.28   52.51   52.70   46.78   54.44   54.87   51.12   31.84
111     48.28   51.78   51.85   46.73   54.13   54.06   50.76   31.93
112     48.23   51.11   51.05   46.65   53.80   53.31   50.36   32.02
113     48.15   50.48   50.30   46.54   53.45   52.62   49.94   32.10
114     48.05   49.89   49.62   46.40   53.08   51.98   49.49   32.20
115     47.93   49.34   48.98   46.25   52.71   51.40   49.04   32.29
116     47.80   48.84   48.39   46.08   52.34   50.86   48.59   32.38
117     47.65   48.37   47.85   45.91   51.96   50.35   48.14   32.47
118     47.51   47.94   47.35   45.72   51.59   49.88   47.69   32.56
119     47.35   47.54   46.89   45.54   51.21   49.44   47.25   32.64
120     47.19   47.17   46.46   45.34   50.85   49.03   46.83   32.72
121     47.02   46.83   46.07   45.16   50.48   48.64   46.42   32.80
122     46.86   46.52   45.70   44.96   50.12   48.27   46.02   32.86
123     46.70   46.26   45.44   44.77   49.77   48.07   45.64   32.94
124     46.54   46.43   45.73   44.59   49.46   48.77   45.30   33.00
125     46.39   47.06   46.54   44.41   49.29   50.04   45.08   33.07
126     46.28   47.96   47.61   44.29   49.32   51.48   45.01   33.12
127     46.23   48.99   48.81   44.23   49.52   52.91   45.11   33.18
128     46.24   50.05   50.04   44.25   49.84   54.24   45.35   33.24
129     46.33   51.11   51.24   44.34   50.24   55.49   45.70   33.28
130     46.47   52.13   52.39   44.49   50.71   56.63   46.14   33.33
131     46.68   53.09   53.48   44.70   51.21   57.68   46.65   33.38
132     46.93   54.01   54.50   44.95   51.74   58.64   47.21   33.43
133     47.21   54.87   55.47   45.24   52.29   59.52   47.79   33.47
134     47.51   55.67   56.36   45.55   52.85   60.34   48.39   33.50
135     47.84   56.43   57.19   45.88   53.41   61.10   49.00   33.54
136     48.18   57.13   57.96   46.23   53.97   61.80   49.60   33.59
137     48.54   57.79   58.68   46.58   54.53   62.46   50.22   33.62
138     48.90   58.41   59.35   46.94   55.08   63.07   50.82   33.67
139     49.26   58.98   59.97   47.30   55.63   63.65   51.41   33.71
140     49.63   59.52   60.55   47.67   56.16   64.19   51.97   33.76
141     49.99   60.03   61.08   48.03   56.69   64.71   52.53   33.81
142     50.35   60.50   61.58   48.39   57.20   65.20   53.08   33.86
143     50.72   60.84   61.87   48.75   57.69   65.34   53.60   33.92
144     51.08   60.71   61.57   49.10   58.13   64.68   54.06   33.97
145     51.42   60.23   60.89   49.42   58.40   63.68   54.37   34.02
146     51.71   59.87   60.48   49.69   58.53   63.31   54.57   34.09
147     51.95   59.83   60.47   49.91   58.62   63.52   54.69   34.16
148     52.14   59.71   60.27   50.08   58.76   63.29   54.80   34.24
149     52.31   59.30   59.70   50.24   58.88   62.52   54.89   34.31
150     52.46   58.69   58.93   50.38   58.88   61.56   54.88   34.39
151     52.58   57.98   58.06   50.47   58.78   60.57   54.77   34.47
152     52.64   57.23   57.17   50.51   58.58   59.60   54.56   34.56
153     52.66   56.49   56.30   50.50   58.32   58.70   54.27   34.63
154     52.64   55.77   55.45   50.45   58.01   57.86   53.93   34.72
155     52.58   55.09   54.66   50.36   57.67   57.09   53.54   34.81
156     52.49   54.45   53.91   50.23   57.30   56.38   53.12   34.89
157     52.38   53.86   53.22   50.09   56.93   55.71   52.67   34.97
158     52.24   53.30   52.57   49.93   56.54   55.11   52.22   35.06
159     52.09   52.78   51.97   49.75   56.14   54.54   51.77   35.14
160     51.93   52.29   51.42   49.56   55.75   54.01   51.32   35.23
161     51.76   51.85   50.91   49.36   55.36   53.52   50.87   35.31
162     51.59   51.44   50.43   49.16   54.96   53.06   50.42   35.38
163     51.40   51.13   50.11   48.95   54.57   52.86   50.00   35.46
164     51.22   51.30   50.39   48.75   54.23   53.60   49.61   35.53
165     51.06   51.89   51.15   48.56   54.05   54.82   49.35   35.60
166     50.93   52.73   52.15   48.43   54.06   56.16   49.24   35.66
167     50.86   53.68   53.25   48.35   54.23   57.49   49.30   35.72
168     50.87   54.67   54.38   48.36   54.51   58.74   49.49   35.78
169     50.94   55.64   55.48   48.43   54.87   59.88   49.80   35.84
170     51.07   56.59   56.55   48.56   55.28   60.93   50.18   35.88
171     51.26   57.49   57.55   48.75   55.74   61.91   50.63   35.94
172     51.48   58.33   58.49   48.97   56.22   62.79   51.12   35.98
173     51.74   59.13   59.37   49.23   56.71   63.60   51.64   36.03
174     52.01   59.87   60.20   49.52   57.22   64.35   52.18   36.08
175     52.31   60.57   60.96   49.82   57.72   65.05   52.74   36.13
176     52.63   61.21   61.67   50.13   58.24   65.70   53.28   36.17
177     52.94   61.82   62.33   50.46   58.74   66.30   53.84   36.21
178     53.27   62.38   62.95   50.79   59.26   66.87   54.39   36.26
179     53.60   62.91   63.52   51.13   59.75   67.40   54.93   36.31
180     53.93   63.41   64.05   51.46   60.24   67.90   55.45   36.36
181     54.27   63.87   64.54   51.79   60.71   68.36   55.96   36.41
182     54.60   64.31   64.99   52.12   61.19   68.82   56.45   36.46
183     54.93   64.68   65.36   52.45   61.63   69.11   56.93   36.52
184     55.25   64.63   65.17   52.77   62.06   68.60   57.37   36.58
185     55.55   64.17   64.53   53.08   62.36   67.60   57.70   36.64
186     55.81   63.48   63.64   53.34   62.47   66.43   57.89   36.71
187     56.02   62.67   62.66   53.53   62.44   65.26   57.91   36.78
188     56.16   61.81   61.64   53.64   62.29   64.13   57.80   36.85
189     56.23   60.97   60.64   53.69   62.06   63.08   57.59   36.92
190     56.24   60.14   59.68   53.67   61.76   62.13   57.30   37.00
191     56.21   59.36   58.77   53.61   61.43   61.24   56.94   37.08
192     56.13   58.62   57.92   53.51   61.06   60.42   56.53   37.16
193     56.02   57.93   57.13   53.37   60.68   59.66   56.09   37.24
194     55.88   57.29   56.38   53.21   60.27   58.97   55.63   37.32
195     55.73   56.69   55.69   53.03   59.87   58.33   55.16   37.39
196     55.56   56.13   55.05   52.83   59.45   57.73   54.68   37.47
197     55.38   55.61   54.47   52.63   59.04   57.18   54.20   37.56
198     55.19   55.13   53.92   52.41   58.62   56.65   53.72   37.62
199     54.99   54.69   53.41   52.19   58.21   56.17   53.26   37.70
200     54.79   54.27   52.94   51.96   57.80   55.71   52.81   37.77
201     54.59   53.89   52.51   51.74   57.39   55.28   52.37   37.84
202     54.39   53.53   52.11   51.52   57.00   54.87   51.95   37.91
203     54.19   53.24   51.79   51.29   56.60   54.62   51.54   37.97
204     53.98   53.36   52.02   51.07   56.24   55.24   51.17   38.03
205     53.79   53.93   52.76   50.87   56.03   56.45   50.91   38.08
206     53.64   54.78   53.80   50.70   56.01   57.82   50.80   38.14
207     53.55   55.75   54.94   50.61   56.16   59.19   50.86   38.18
208     53.53   56.76   56.10   50.59   56.44   60.48   51.06   38.22
209     53.57   57.78   57.25   50.65   56.80   61.67   51.37   38.26
210     53.68   58.75   58.35   50.76   57.21   62.77   51.77   38.30
211     53.84   59.67   59.40   50.93   57.67   63.78   52.24   38.33
212     54.05   60.55   60.38   51.15   58.16   64.70   52.75   38.37
213     54.29   61.37   61.30   51.40   58.66   65.53   53.30   38.40
214     54.56   62.14   62.15   51.68   59.17   66.31   53.86   38.43
215     54.85   62.85   62.95   51.97   59.69   67.03   54.44   38.47
216     55.15   63.52   63.70   52.28   60.21   67.70   55.02   38.50
217     55.46   64.14   64.38   52.61   60.73   68.32   55.60   38.53
218     55.78   64.72   65.01   52.93   61.24   68.90   56.16   38.56
219     56.10   65.26   65.59   53.26   61.74   69.45   56.72   38.60
220     56.43   65.76   66.14   53.59   62.24   69.97   57.27   38.64
221     56.76   66.24   66.64   53.92   62.72   70.45   57.80   38.67
222     57.08   66.68   67.10   54.25   63.21   70.91   58.29   38.71
223     57.41   67.09   67.53   54.57   63.67   71.33   58.79   38.75
224     57.73   67.22   67.58   54.90   64.12   71.12   59.26   38.80
225     58.05   66.89   67.07   55.21   64.47   70.24   59.66   38.86
226     58.32   66.26   66.26   55.49   64.65   69.11   59.91   38.91
227     58.55   65.48   65.29   55.70   64.67   67.93   60.00   38.98
228     58.70   64.63   64.28   55.84   64.56   66.79   59.94   39.04
229     58.79   63.77   63.28   55.91   64.35   65.72   59.78   39.11
230     58.82   62.93   62.31   55.92   64.08   64.73   59.52   39.17
231     58.79   62.13   61.38   55.87   63.76   63.81   59.18   39.24
232     58.72   61.37   60.51   55.77   63.41   62.98   58.79   39.31
233     58.62   60.66   59.68   55.64   63.03   62.20   58.37   39.39
234     58.49   60.00   58.91   55.49   62.63   61.49   57.92   39.46
235     58.33   59.38   58.21   55.31   62.23   60.83   57.45   39.53
236     58.16   58.80   57.54   55.11   61.82   60.22   56.99   39.61
237     57.97   58.27   56.94   54.91   61.40   59.65   56.51   39.68
238     57.78   57.76   56.36   54.69   60.99   59.12   56.05   39.75
239     57.57   57.31   55.84   54.46   60.58   58.62   55.58   39.82
240     57.36   56.86   55.36   54.23   60.17   58.15   55.13   39.88
241     57.15   56.47   54.90   54.00   59.76   57.71   54.68   39.95
242     56.94   56.09   54.48   53.77   59.35   57.29   54.25   40.01
243     56.73   55.74   54.10   53.55   58.97   56.92   53.83   40.07
244     56.52   55.69   54.12   53.32   58.59   57.25   53.44   40.12
245     56.31   56.14   54.73   53.10   58.33   58.32   53.14   40.17
246     56.14   56.91   55.68   52.92   58.25   59.66   52.98   40.22
247     56.02   57.85   56.79   52.80   58.34   61.04   52.99   40.26
248     55.97   58.85   57.94   52.75   58.58   62.34   53.14   40.30
249     55.98   59.85   59.09   52.78   58.91   63.56   53.42   40.33
250     56.07   60.83   60.21   52.87   59.31   64.67   53.79   40.36
251     56.21   61.76   61.26   53.02   59.75   65.70   54.23   40.40
252     56.39   62.64   62.25   53.22   60.22   66.63   54.73   40.43
253     56.61   63.47   63.19   53.46   60.71   67.49   55.27   40.46
254     56.87   64.24   64.05   53.72   61.22   68.28   55.81   40.48
255     57.14   64.96   64.86   54.01   61.73   69.01   56.39   40.51
256     57.43   65.63   65.61   54.31   62.25   69.68   56.96   40.53
257     57.73   66.25   66.30   54.62   62.76   70.31   57.53   40.56
258     58.04   66.84   66.94   54.94   63.26   70.90   58.09   40.59
259     58.35   67.38   67.53   55.26   63.76   71.45   58.65   40.62
260     58.67   67.89   68.08   55.59   64.26   71.97   59.20   40.66
261     58.99   68.35   68.59   55.91   64.74   72.45   59.73   40.70
262     59.30   68.80   69.06   56.24   65.22   72.91   60.25   40.73
263     59.62   69.22   69.50   56.56   65.69   73.34   60.75   40.78
264     59.94   69.45   69.68   56.88   66.12   73.35   61.22   40.82
265     60.25   69.22   69.29   57.19   66.50   72.59   61.63   40.87
266     60.53   68.65   68.52   57.47   66.71   71.50   61.92   40.92
267     60.77   67.89   67.58   57.69   66.76   70.32   62.04   40.98
268     60.94   67.05   66.58   57.84   66.67   69.16   62.02   41.04
269     61.04   66.18   65.57   57.92   66.48   68.07   61.88   41.10
270     61.08   65.33   64.58   57.94   66.21   67.05   61.63   41.16
271     61.06   64.52   63.63   57.89   65.90   66.11   61.32   41.23
272     60.99   63.74   62.74   57.80   65.55   65.25   60.94   41.30
273     60.89   63.01   61.89   57.68   65.17   64.46   60.52   41.36
274     60.75   62.33   61.11   57.52   64.77   63.72   60.07   41.43
275     60.59   61.69   60.38   57.33   64.36   63.04   59.61   41.50
276     60.42   61.11   59.70   57.14   63.95   62.41   59.13   41.57
277     60.23   60.55   59.07   56.93   63.53   61.82   58.65   41.64
278     60.03   60.03   58.48   56.71   63.11   61.28   58.17   41.71
279     59.82   59.55   57.94   56.47   62.69   60.76   57.70   41.77
280     59.61   59.11   57.44   56.24   62.27   60.28   57.24   41.83
281     59.40   58.70   56.97   56.00   61.86   59.83   56.80   41.89
282     59.18   58.30   56.55   55.77   61.45   59.39   56.36   41.95
283     58.96   57.94   56.15   55.54   61.04   58.98   55.94   42.00
284     58.74   57.70   55.92   55.30   60.65   58.88   55.54   42.06
285     58.52   57.93   56.30   55.08   60.32   59.69   55.18   42.11
286     58.32   58.58   57.12   54.87   60.15   60.95   54.96   42.15
287     58.16   59.45   58.18   54.71   60.17   62.32   54.90   42.20
288     58.07   60.42   59.31   54.62   60.35   63.65   54.99   42.23
289     58.05   61.43   60.47   54.61   60.63   64.89   55.21   42.27
290     58.10   62.40   61.59   54.67   61.00   66.05   55.55   42.30
291     58.21   63.35   62.67   54.79   61.41   67.10   55.97   42.33
292     58.37   64.24   63.67   54.96   61.87   68.06   56.44   42.36
293     58.57   65.09   64.62   55.17   62.35   68.94   56.95   42.37
294     58.81   65.88   65.52   55.42   62.84   69.75   57.49   42.40
295     59.06   66.61   66.34   55.69   63.34   70.51   58.06   42.42
296     59.34   67.29   67.10   55.98   63.85   71.19   58.63   42.45
297     59.63   67.94   67.82   56.28   64.35   71.84   59.20   42.48
298     59.93   68.52   68.46   56.59   64.86   72.43   59.77   42.50
299     60.23   69.07   69.07   56.91   65.36   72.99   60.33   42.52
300     60.54   69.59   69.63   57.22   65.84   73.51   60.87   42.55
301     60.85   70.07   70.15   57.54   66.33   74.01   61.40   42.59
302     61.16   70.52   70.63   57.86   66.80   74.48   61.92   42.61
303     61.47   70.93   71.08   58.18   67.26   74.92   62.42   42.65
304     61.78   71.25   71.38   58.49   67.71   75.11   62.91   42.69
305     62.09   71.13   71.12   58.80   68.10   74.50   63.34   42.73
306     62.38   70.63   70.43   59.08   68.35   73.46   63.66   42.78
307     62.63   69.91   69.53   59.32   68.43   72.27   63.82   42.83
308     62.81   69.08   68.53   59.49   68.36   71.10   63.83   42.88
309     62.92   68.21   67.53   59.58   68.19   69.99   63.71   42.93
310     62.97   67.36   66.54   59.61   67.94   68.95   63.49   43.00
311     62.96   66.53   65.58   59.57   67.63   68.00   63.19   43.05
312     62.90   65.74   64.67   59.49   67.29   67.12   62.82   43.11
313     62.80   65.00   63.82   59.37   66.92   66.30   62.41   43.18
314     62.66   64.31   63.03   59.22   66.52   65.55   61.96   43.24
315     62.51   63.65   62.29   59.04   66.10   64.85   61.50   43.30
316     62.34   63.05   61.59   58.84   65.69   64.22   61.03   43.37
317     62.14   62.48   60.95   58.63   65.27   63.62   60.55   43.44
318     61.94   61.95   60.36   58.41   64.84   63.06   60.08   43.50
319     61.73   61.46   59.81   58.18   64.42   62.54   59.60   43.57
320     61.52   61.01   59.30   57.95   63.99   62.04   59.14   43.62
321     61.30   60.58   58.83   57.72   63.58   61.58   58.68   43.68
322     61.08   60.19   58.38   57.48   63.18   61.14   58.24   43.74
323     60.85   59.80   57.97   57.24   62.77   60.72   57.81   43.79
324     60.62   59.54   57.70   57.01   62.38   60.57   57.40   43.84
325     60.40   59.74   58.04   56.77   62.03   61.33   57.03   43.88
326     60.20   60.35   58.84   56.56   61.85   62.55   56.78   43.92
327     60.03   61.21   59.87   56.40   61.85   63.91   56.71   43.96
328     59.93   62.17   61.00   56.30   62.01   65.23   56.79   44.00
329     59.90   63.16   62.13   56.28   62.28   66.48   57.00   44.03
330     59.94   64.13   63.25   56.34   62.64   67.63   57.32   44.05
331     60.05   65.08   64.32   56.45   63.05   68.67   57.72   44.08
332     60.20   65.97   65.33   56.61   63.49   69.64   58.18   44.10
333     60.39   66.81   66.28   56.83   63.96   70.53   58.69   44.13
334     60.61   67.59   67.16   57.06   64.44   71.33   59.23   44.15
335     60.86   68.31   67.98   57.33   64.93   72.07   59.78   44.17
336     61.14   69.00   68.74   57.61   65.43   72.76   60.34   44.19
337     61.42   69.63   69.44   57.91   65.93   73.40   60.91   44.21
338     61.71   70.23   70.09   58.21   66.43   73.99   61.47   44.23
339     62.00   70.76   70.69   58.53   66.92   74.54   62.01   44.25
340     62.30   71.28   71.24   58.84   67.40   75.06   62.55   44.28
341     62.62   71.76   71.76   59.16   67.87   75.54   63.08   44.31
342     62.92   72.20   72.24   59.47   68.34   76.01   63.59   44.33
343     63.22   72.61   72.68   59.78   68.80   76.45   64.09   44.36
344     63.52   72.98   73.05   60.09   69.25   76.79   64.56   44.40
345     63.82   73.00   72.96   60.39   69.66   76.41   65.00   44.43
346     64.11   72.59   72.38   60.68   69.95   75.47   65.35   44.48
347     64.37   71.92   71.53   60.93   70.08   74.31   65.55   44.52
348     64.56   71.10   70.54   61.12   70.06   73.13   65.60   44.57
349     64.69   70.23   69.52   61.23   69.91   71.99   65.51   44.62
350     64.75   69.37   68.52   61.28   69.67   70.92   65.30   44.68
351     64.75   68.52   67.55   61.25   69.38   69.93   65.02   44.73
352     64.70   67.72   66.62   61.18   69.04   69.02   64.66   44.79
353     64.60   66.95   65.75   61.06   68.67   68.18   64.26   44.85
354     64.47   66.24   64.93   60.91   68.27   67.41   63.81   44.91
355     64.31   65.56   64.16   60.74   67.86   66.70   63.35   44.97
356     64.13   64.93   63.45   60.54   67.45   66.03   62.87   45.04
357     63.94   64.35   62.79   60.33   67.02   65.42   62.39   45.10
358     63.73   63.81   62.17   60.11   66.59   64.84   61.90   45.16
359     63.52   63.30   61.61   59.88   66.16   64.30   61.42   45.21
360     63.30   62.83   61.07   59.64   65.74   63.78   60.95   45.27
361     63.07   62.39   60.58   59.40   65.32   63.32   60.48   45.33
362     62.85   61.98   60.12   59.15   64.90   62.86   60.02   45.38
363     62.62   61.59   59.70   58.91   64.50   62.44   59.58   45.43
364     62.39   61.24   59.32   58.68   64.09   62.06   59.17   45.48
365     62.15   61.18   59.34   58.44   63.71   62.38   58.77   45.52
366     61.93   61.61   59.93   58.21   63.44   63.44   58.45   45.56
367     61.73   62.37   60.87   58.01   63.35   64.75   58.29   45.60
368     61.59   63.28   61.96   57.88   63.43   66.09   58.29   45.63
369     61.52   64.26   63.10   57.82   63.65   67.37   58.43   45.66
370     61.52   65.23   64.22   57.84   63.96   68.56   58.71   45.69
371     61.59   66.19   65.31   57.92   64.34   69.65   59.06   45.71
372     61.71   67.10   66.33   58.06   64.76   70.65   59.49   45.73
373     61.88   67.96   67.31   58.25   65.22   71.57   59.98   45.75
374     62.08   68.76   68.22   58.46   65.69   72.40   60.49   45.76
375     62.31   69.51   69.06   58.71   66.18   73.18   61.04   45.78
376     62.57   70.21   69.84   58.98   66.67   73.89   61.59   45.80
377     62.84   70.86   70.57   59.27   67.17   74.54   62.15   45.81
378     63.12   71.46   71.24   59.56   67.66   75.15   62.70   45.83
379     63.41   72.02   71.85   59.86   68.15   75.73   63.26   45.85
380     63.70   72.54   72.43   60.18   68.63   76.26   63.79   45.87
381     64.00   73.03   72.96   60.49   69.10   76.75   64.33   45.90
382     64.31   73.49   73.44   60.80   69.56   77.22   64.84   45.92
383     64.61   73.91   73.90   61.10   70.01   77.66   65.34   45.95
384     64.90   74.30   74.32   61.41   70.46   78.07   65.82   45.98
385     65.20   74.45   74.42   61.71   70.88   77.95   66.28   46.01
386     65.49   74.15   73.95   62.00   71.23   77.12   66.66   46.05
387     65.74   73.53   73.14   62.26   71.41   76.01   66.90   46.08
388     65.95   72.76   72.18   62.46   71.43   74.83   66.99   46.13
389     66.09   71.90   71.17   62.59   71.31   73.68   66.94   46.17
390     66.16   71.02   70.16   62.64   71.11   72.59   66.77   46.22
391     66.17   70.17   69.18   62.64   70.83   71.59   66.50   46.27
392     66.13   69.35   68.23   62.58   70.50   70.65   66.16   46.32
393     66.04   68.57   67.34   62.47   70.13   69.79   65.77   46.38
394     65.92   67.84   66.51   62.33   69.74   69.00   65.34   46.44
395     65.76   67.15   65.73   62.16   69.34   68.26   64.88   46.50
396     65.59   66.51   65.00   61.96   68.92   67.59   64.41   46.56
397     65.39   65.91   64.32   61.75   68.50   66.96   63.93   46.62
398     65.19   65.35   63.69   61.52   68.07   66.37   63.45   46.67
399     64.97   64.84   63.11   61.29   67.64   65.81   62.96   46.72
400     64.74   64.34   62.55   61.05   67.22   65.30   62.48   46.78
401     64.52   63.89   62.05   60.81   66.80   64.82   62.01   46.83
402     64.28   63.47   61.58   60.56   66.37   64.35   61.56   46.88
403     64.05   63.07   61.15   60.32   65.95   63.91   61.12   46.93
404     63.82   62.70   60.74   60.07   65.55   63.51   60.69   46.97
405     63.59   62.49   60.55   59.83   65.14   63.48   60.28   47.01
406     63.36   62.77   60.98   59.59   64.81   64.35   59.92   47.04
407     63.15   63.42   61.81   59.38   64.65   65.60   59.70   47.08
408     62.98   64.30   62.86   59.22   64.67   66.94   59.64   47.11
409     62.89   65.26   63.98   59.13   64.85   68.24   59.74   47.13
410     62.86   66.23   65.11   59.12   65.13   69.46   59.96   47.15
411     62.91   67.19   66.22   59.17   65.48   70.57   60.30   47.18
412     63.01   68.11   67.26   59.29   65.89   71.60   60.70   47.20
413     63.16   68.98   68.25   59.46   66.33   72.54   61.16   47.21
414     63.35   69.80   69.17   59.66   66.80   73.40   61.67   47.22
415     63.57   70.57   70.03   59.90   67.27   74.18   62.20   47.24
416     63.81   71.28   70.83   60.16   67.76   74.91   62.75   47.25
417     64.07   71.94   71.57   60.43   68.24   75.58   63.29   47.27
418     64.35   72.56   72.24   60.72   68.73   76.19   63.85   47.27
419     64.63   73.13   72.88   61.02   69.22   76.78   64.39   47.29
420     64.93   73.66   73.45   61.32   69.69   77.32   64.94   47.30
421     65.22   74.16   74.00   61.63   70.16   77.82   65.47   47.32
422     65.52   74.62   74.51   61.94   70.63   78.29   65.99   47.35
423     65.81   75.04   74.96   62.23   71.08   78.74   66.49   47.37
424     66.10   75.44   75.38   62.54   71.53   79.16   66.97   47.39
425     66.39   75.75   75.69   62.84   71.96   79.38   67.43   47.42
426     66.67   75.64   75.44   63.13   72.36   78.82   67.86   47.45
427     66.94   75.13   74.76   63.40   72.62   77.79   68.16   47.49
428     67.16   74.40   73.85   63.62   72.71   76.62   68.32   47.53
429     67.32   73.56   72.86   63.78   72.65   75.46   68.33   47.57
430     67.42   72.69   71.84   63.86   72.48   74.34   68.20   47.62
431     67.45   71.82   70.83   63.88   72.23   73.29   67.98   47.67
432     67.42   70.97   69.86   63.84   71.92   72.33   67.68   47.72
433     67.35   70.17   68.95   63.74   71.57   71.43   67.30   47.77
434     67.23   69.42   68.08   63.61   71.19   70.61   66.88   47.82
435     67.09   68.70   67.27   63.45   70.79   69.84   66.43   47.88
436     66.91   68.04   66.52   63.26   70.37   69.14   65.97   47.94
437     66.72   67.42   65.81   63.04   69.95   68.48   65.48   47.99
438     66.51   66.84   65.15   62.82   69.51   67.87   64.99   48.04
439     66.30   66.30   64.55   62.59   69.08   67.30   64.50   48.10
440     66.07   65.80   63.98   62.35   68.65   66.77   64.02   48.15
441     65.84   65.32   63.45   62.10   68.22   66.27   63.54   48.20
442     65.61   64.88   62.97   61.86   67.80   65.80   63.08   48.25
443     65.37   64.47   62.51   61.60   67.38   65.35   62.63   48.29
444     65.13   64.08   62.08   61.36   66.97   64.93   62.19   48.34