1	30.47	32.30	32.48	29.64	31.06	32.30	31.22	26.39
2	30.49	32.41	32.62	29.67	31.09	32.59	31.25	26.40
3	30.51	32.98	33.37	29.70	31.16	33.82	31.30	26.42
4	30.55	33.97	34.59	29.75	31.40	35.54	31.47	26.43
5	30.63	35.19	36.03	29.85	31.83	37.36	31.79	26.45
6	30.78	36.52	37.56	30.01	32.41	39.12	32.27	26.46
7	31.00	37.85	39.10	30.25	33.10	40.79	32.87	26.48
8	31.28	39.16	40.57	30.55	33.87	42.34	33.57	26.49
9	31.62	40.42	41.99	30.92	34.69	43.77	34.35	26.51
10	32.02	41.61	43.33	31.34	35.52	45.09	35.17	26.54
11	32.45	42.73	44.59	31.80	36.40	46.31	36.03	26.55
12	32.93	43.79	45.76	32.29	37.25	47.46	36.90	26.58
13	33.41	44.79	46.86	32.80	38.12	48.53	37.78	26.61
14	33.92	45.72	47.88	33.33	38.99	49.52	38.65	26.64
15	34.43	46.60	48.84	33.87	39.85	50.46	39.52	26.68
16	34.97	47.42	49.73	34.41	40.69	51.34	40.37	26.72
17	35.50	48.19	50.56	34.96	41.52	52.18	41.20	26.76
18	36.03	48.92	51.34	35.51	42.33	52.97	42.01	26.80
19	36.56	49.60	52.07	36.06	43.13	53.71	42.79	26.86
20	37.09	50.25	52.74	36.59	43.91	54.43	43.56	26.93
21	37.62	50.86	53.37	37.12	44.68	55.11	44.29	26.99
22	38.13	51.44	53.97	37.65	45.43	55.76	44.99	27.05
23	38.65	51.99	54.52	38.17	46.16	56.38	45.67	27.12
24	39.16	52.50	55.04	38.68	46.86	56.97	46.33	27.21
25	39.66	53.00	55.55	39.18	47.56	57.55	46.96	27.30
26	40.15	53.47	56.01	39.67	48.23	58.10	47.57	27.38
27	40.64	53.92	56.45	40.15	48.88	58.62	48.14	27.48
28	41.12	54.35	56.86	40.62	49.52	59.14	48.70	27.58
29	41.59	54.76	57.26	41.09	50.14	59.62	49.23	27.69
30	42.05	55.16	57.63	41.54	50.74	60.10	49.74	27.80
31	42.51	55.54	57.98	41.98	51.32	60.55	50.22	27.92
32	42.96	55.90	58.33	42.42	51.89	60.99	50.69	28.03
33	43.40	56.25	58.65	42.84	52.45	61.41	51.14	28.17
34	43.84	56.60	58.96	43.25	52.98	61.82	51.57	28.29
35	44.27	56.92	59.25	43.66	53.51	62.22	51.98	28.42
36	44.68	57.24	59.53	44.06	54.01	62.60	52.38	28.55
37	45.10	57.54	59.80	44.44	54.50	62.97	52.76	28.69
38	45.50	57.84	60.06	44.83	54.98	63.33	53.12	28.84
39	45.90	58.13	60.31	45.20	55.44	63.68	53.46	28.98
40	46.29	58.41	60.55	45.56	55.90	64.02	53.79	29.12
41	46.67	58.68	60.78	45.92	56.34	64.34	54.11	29.27
42	47.05	58.95	61.00	46.26	56.76	64.66	54.42	29.42
43	47.42	59.21	61.21	46.61	57.18	64.96	54.72	29.57
44	47.78	59.46	61.42	46.94	57.58	65.25	55.00	29.72
45	48.14	59.70	61.61	47.26	57.97	65.54	55.27	29.87
46	48.49	59.94	61.81	47.58	58.35	65.82	55.53	30.02
47	48.83	60.17	62.00	47.89	58.72	66.09	55.78	30.17
48	49.17	60.41	62.19	48.20	59.08	66.35	56.02	30.33
49	49.50	60.62	62.37	48.49	59.43	66.60	56.27	30.49
50	49.83	60.84	62.54	48.78	59.77	66.86	56.49	30.64
51	50.15	61.06	62.70	49.06	60.10	67.10	56.71	30.80
52	50.46	61.22	62.79	49.33	60.42	67.18	56.92	30.96
53	50.77	60.99	62.36	49.60	60.70	66.49	57.10	31.12
54	51.06	60.38	61.51	49.85	60.86	65.31	57.19	31.27
55	51.31	59.54	60.44	50.05	60.84	64.00	57.13	31.43
56	51.49	58.62	59.28	50.19	60.67	62.69	56.93	31.58
57	51.61	57.67	58.13	50.25	60.40	61.44	56.60	31.74
58	51.67	56.72	57.00	50.25	60.04	60.29	56.19	31.89
59	51.66	55.83	55.93	50.19	59.63	59.20	55.71	32.03
60	51.61	54.97	54.92	50.09	59.18	58.21	55.16	32.19
61	51.52	54.16	53.97	49.94	58.70	57.30	54.59	32.33
62	51.40	53.42	53.09	49.76	58.21	56.45	53.99	32.48
63	51.24	52.72	52.27	49.57	57.71	55.67	53.38	32.61
64	51.07	52.08	51.52	49.34	57.20	54.94	52.76	32.75
65	50.89	51.48	50.81	49.11	56.69	54.27	52.15	32.87
66	50.69	50.93	50.17	48.87	56.18	53.63	51.55	33.00
67	50.49	50.41	49.57	48.62	55.67	53.04	50.96	33.13
68	50.28	49.94	49.02	48.37	55.18	52.49	50.39	33.24
69	50.07	49.50	48.51	48.12	54.69	51.96	49.83	33.35
70	49.86	49.09	48.04	47.87	54.21	51.48	49.30	33.46
71	49.64	48.72	47.60	47.61	53.74	51.02	48.78	33.56
72	49.43	48.36	47.20	47.37	53.28	50.58	48.28	33.65
73	49.22	48.04	46.83	47.12	52.83	50.16	47.81	33.74
74	49.01	47.73	46.48	46.87	52.39	49.78	47.35	33.81
75	48.80	47.45	46.16	46.64	51.96	49.40	46.92	33.89
76	48.60	47.18	45.87	46.40	51.55	49.04	46.51	33.96
77	48.39	46.93	45.60	46.17	51.14	48.70	46.11	34.02
78	48.19	46.70	45.34	45.95	50.76	48.38	45.74	34.08
79	48.00	46.48	45.11	45.73	50.37	48.07	45.39	34.13
80	47.80	46.28	44.89	45.52	50.01	47.78	45.05	34.18
81	47.61	46.08	44.68	45.31	49.65	47.50	44.73	34.21
82	47.43	45.90	44.49	45.10	49.31	47.23	44.42	34.25
83	47.25	45.73	44.31	44.90	48.98	46.97	44.14	34.28
84	47.07	45.57	44.15	44.71	48.65	46.73	43.86	34.31
85	46.89	45.42	43.99	44.53	48.34	46.49	43.60	34.34
86	46.72	45.27	43.84	44.34	48.03	46.26	43.36	34.36
87	46.56	45.14	43.71	44.16	47.74	46.05	43.13	34.37
88	46.40	45.01	43.58	43.98	47.46	45.84	42.91	34.39
89	46.24	44.88	43.46	43.82	47.19	45.64	42.70	34.40
90	46.08	44.77	43.35	43.66	46.92	45.46	42.50	34.40
91	45.93	44.65	43.24	43.50	46.67	45.27	42.31	34.40
92	45.78	44.54	43.14	43.34	46.43	45.10	42.14	34.41
93	45.63	44.43	43.04	43.19	46.19	44.93	41.97	34.40
94	45.50	44.34	42.96	43.04	45.96	44.77	41.81	34.40
95	45.35	44.25	42.87	42.90	45.74	44.61	41.66	34.40
96	45.22	44.16	42.79	42.77	45.52	44.47	41.52	34.39
97	45.08	44.07	42.71	42.63	45.32	44.32	41.38	34.39
98	44.96	43.99	42.64	42.50	45.12	44.19	41.25	34.37
99	44.83	43.91	42.57	42.37	44.93	44.06	41.14	34.36
100	44.71	43.83	42.51	42.24	44.74	43.93	41.02	34.35
101	44.59	43.76	42.44	42.13	44.57	43.81	40.91	34.34
102	44.47	43.70	42.42	42.01	44.40	43.77	40.81	34.32
103	44.36	44.02	42.88	41.90	44.25	44.57	40.73	34.31
104	44.25	44.79	43.87	41.80	44.24	46.04	40.74	34.29
105	44.19	45.85	45.17	41.75	44.42	47.68	40.90	34.28
106	44.18	47.04	46.57	41.76	44.78	49.33	41.22	34.26
107	44.24	48.27	48.01	41.84	45.25	50.87	41.68	34.24
108	44.38	49.48	49.39	42.00	45.82	52.31	42.24	34.23
109	44.58	50.65	50.73	42.22	46.45	53.64	42.88	34.21
110	44.83	51.76	51.99	42.50	47.12	54.86	43.59	34.20
111	45.14	52.82	53.18	42.82	47.81	55.98	44.33	34.19
112	45.47	53.79	54.28	43.18	48.51	57.03	45.10	34.18
113	45.84	54.72	55.32	43.57	49.22	57.99	45.88	34.18
114	46.22	55.58	56.28	43.97	49.94	58.88	46.66	34.17
115	46.62	56.38	57.18	44.39	50.64	59.73	47.45	34.18
116	47.03	57.13	58.01	44.82	51.34	60.51	48.21	34.18
117	47.44	57.84	58.78	45.25	52.04	61.25	48.96	34.19
118	47.86	58.49	59.50	45.69	52.72	61.95	49.69	34.21
119	48.28	59.11	60.17	46.13	53.38	62.61	50.41	34.22
120	48.70	59.69	60.80	46.56	54.04	63.24	51.09	34.25
121	49.13	60.23	61.37	46.99	54.68	63.82	51.76	34.28
122	49.53	60.74	61.91	47.41	55.31	64.40	52.40	34.31
123	49.95	61.23	62.42	47.83	55.92	64.94	53.01	34.35
124	50.36	61.68	62.89	48.25	56.52	65.45	53.61	34.40
125	50.76	62.11	63.33	48.65	57.10	65.95	54.18	34.45
126	51.15	62.52	63.74	49.05	57.67	66.42	54.73	34.51
127	51.55	62.91	64.13	49.44	58.22	66.87	55.25	34.57
128	51.93	63.28	64.50	49.82	58.75	67.30	55.75	34.64
129	52.31	63.63	64.81	50.18	59.27	67.73	56.20	34.70
130	52.68	63.96	65.15	50.56	59.77	68.12	56.66	34.78
131	53.05	64.29	65.47	50.92	60.27	68.51	57.11	34.86
132	53.41	64.59	65.77	51.28	60.74	68.87	57.54	34.96
133	53.76	64.88	66.04	51.62	61.21	69.23	57.94	35.05
134	54.11	65.17	66.31	51.96	61.65	69.58	58.32	35.15
135	54.45	65.44	66.56	52.29	62.10	69.91	58.69	35.25
136	54.78	65.70	66.79	52.61	62.52	70.23	59.05	35.35
137	55.12	65.95	67.02	52.92	62.93	70.55	59.39	35.46
138	55.44	66.19	67.24	53.23	63.33	70.84	59.71	35.58
139	55.76	66.42	67.45	53.54	63.72	71.13	60.03	35.69
140	56.07	66.65	67.65	53.83	64.09	71.41	60.32	35.81
141	56.38	66.87	67.83	54.12	64.46	71.68	60.60	35.92
142	56.67	67.08	68.01	54.40	64.81	71.93	60.87	36.04
143	56.98	67.29	68.19	54.67	65.15	72.17	61.13	36.16
144	57.26	67.49	68.36	54.94	65.48	72.43	61.38	36.29
145	57.54	67.69	68.52	55.20	65.81	72.66	61.62	36.41
146	57.82	67.88	68.67	55.46	66.12	72.89	61.85	36.54
147	58.09	68.06	68.82	55.70	66.43	73.11	62.07	36.66
148	58.37	68.24	68.96	55.95	66.72	73.33	62.28	36.79
149	58.63	68.41	69.11	56.19	67.01	73.53	62.48	36.92
150	58.89	68.59	69.25	56.42	67.29	73.73	62.68	37.05
151	59.14	68.75	69.38	56.64	67.56	73.94	62.87	37.19
152	59.38	68.90	69.49	56.87	67.83	74.08	63.06	37.32
153	59.63	68.75	69.18	57.10	68.08	73.57	63.23	37.44
154	59.86	68.20	68.40	57.30	68.21	72.44	63.31	37.57
155	60.06	67.38	67.35	57.47	68.18	71.14	63.26	37.70
156	60.20	66.43	66.21	57.58	68.01	69.79	63.08	37.83
157	60.28	65.44	65.03	57.61	67.70	68.50	62.77	37.97
158	60.29	64.46	63.87	57.59	67.32	67.29	62.36	38.09
159	60.24	63.51	62.76	57.50	66.88	66.17	61.86	38.21
160	60.14	62.61	61.71	57.36	66.40	65.13	61.32	38.34
161	60.00	61.76	60.73	57.18	65.89	64.16	60.73	38.46
162	59.83	60.97	59.82	56.96	65.36	63.26	60.12	38.58
163	59.63	60.22	58.96	56.72	64.82	62.43	59.50	38.70
164	59.41	59.53	58.16	56.46	64.27	61.65	58.87	38.81
165	59.18	58.89	57.43	56.20	63.72	60.94	58.24	38.91
166	58.93	58.29	56.74	55.92	63.17	60.27	57.62	39.02
167	58.68	57.74	56.11	55.63	62.63	59.64	57.01	39.12
168	58.42	57.22	55.52	55.34	62.10	59.05	56.42	39.22
169	58.16	56.74	54.98	55.05	61.56	58.49	55.84	39.31
170	57.90	56.29	54.47	54.75	61.05	57.96	55.28	39.39
171	57.63	55.87	54.01	54.47	60.54	57.47	54.74	39.48
172	57.37	55.47	53.58	54.17	60.04	56.99	54.22	39.55
173	57.10	55.11	53.17	53.89	59.55	56.55	53.73	39.62
174	56.85	54.76	52.79	53.61	59.09	56.12	53.26	39.68
175	56.59	54.44	52.45	53.34	58.62	55.72	52.80	39.73
176	56.34	54.14	52.13	53.07	58.17	55.33	52.37	39.78
177	56.09	53.86	51.82	52.80	57.73	54.96	51.95	39.83
178	55.84	53.59	51.54	52.54	57.31	54.61	51.56	39.87
179	55.60	53.34	51.28	52.29	56.90	54.27	51.18	39.91
180	55.36	53.09	51.03	52.04	56.49	53.95	50.83	39.94
181	55.13	52.86	50.80	51.79	56.11	53.64	50.49	39.96
182	54.90	52.65	50.58	51.56	55.73	53.34	50.17	39.98
183	54.68	52.45	50.37	51.33	55.37	53.06	49.86	39.99
184	54.45	52.26	50.18	51.10	55.01	52.78	49.57	40.01
185	54.24	52.07	49.99	50.88	54.67	52.52	49.29	40.02
186	54.02	51.89	49.82	50.66	54.33	52.28	49.02	40.02
187	53.82	51.72	49.66	50.45	54.01	52.03	48.77	40.02
188	53.61	51.56	49.51	50.24	53.70	51.80	48.53	40.01
189	53.41	51.40	49.37	50.05	53.40	51.58	48.30	40.01
190	53.22	51.26	49.23	49.85	53.10	51.37	48.10	40.00
191	53.02	51.11	49.10	49.66	52.82	51.16	47.88	39.99
192	52.84	50.98	48.98	49.48	52.55	50.96	47.69	39.97
193	52.66	50.85	48.86	49.29	52.28	50.77	47.51	39.96
194	52.47	50.71	48.75	49.12	52.03	50.58	47.33	39.94
195	52.30	50.59	48.64	48.95	51.78	50.40	47.17	39.92
196	52.12	50.47	48.54	48.79	51.54	50.23	47.01	39.90
197	51.96	50.36	48.44	48.62	51.31	50.06	46.86	39.88
198	51.79	50.25	48.34	48.47	51.08	49.91	46.71	39.85
199	51.63	50.14	48.25	48.31	50.87	49.76	46.58	39.83
200	51.47	50.03	48.17	48.16	50.66	49.61	46.45	39.80
201	51.32	49.94	48.08	48.01	50.45	49.46	46.32	39.77
202	51.17	49.84	48.00	47.87	50.26	49.33	46.20	39.74
203	51.02	49.95	48.22	47.73	50.07	49.77	46.09	39.71
204	50.88	50.56	49.04	47.60	49.98	51.05	46.05	39.68
205	50.76	51.51	50.22	47.50	50.06	52.63	46.14	39.64
206	50.70	52.64	51.58	47.46	50.34	54.24	46.39	39.62
207	50.70	53.83	52.96	47.50	50.75	55.78	46.78	39.59
208	50.78	55.02	54.35	47.60	51.26	57.22	47.29	39.56
209	50.93	56.16	55.66	47.78	51.84	58.56	47.89	39.53
210	51.14	57.27	56.92	48.02	52.47	59.79	48.55	39.50
211	51.39	58.30	58.10	48.31	53.12	60.92	49.27	39.48
212	51.68	59.28	59.21	48.63	53.79	61.96	50.01	39.45
213	52.00	60.19	60.24	48.98	54.47	62.92	50.77	39.44
214	52.35	61.03	61.20	49.36	55.16	63.81	51.53	39.42
215	52.71	61.83	62.08	49.75	55.84	64.65	52.28	39.40
216	53.08	62.57	62.92	50.15	56.52	65.43	53.03	39.39
217	53.47	63.25	63.68	50.55	57.18	66.16	53.77	39.39
218	53.85	63.90	64.39	50.96	57.85	66.85	54.49	39.39
219	54.24	64.50	65.05	51.37	58.49	67.50	55.19	39.39
220	54.63	65.07	65.67	51.78	59.12	68.11	55.87	39.40
221	55.02	65.60	66.23	52.19	59.74	68.69	56.53	39.42
222	55.40	66.09	66.76	52.59	60.35	69.24	57.16	39.44
223	55.79	66.55	67.25	52.98	60.93	69.76	57.77	39.46
224	56.16	67.00	67.71	53.37	61.50	70.26	58.34	39.48
225	56.54	67.41	68.14	53.76	62.07	70.73	58.90	39.53
226	56.90	67.80	68.54	54.13	62.62	71.19	59.44	39.57
227	57.27	68.17	68.92	54.51	63.15	71.63	59.95	39.62
228	57.62	68.52	69.28	54.87	63.66	72.04	60.45	39.67
229	57.98	68.85	69.60	55.22	64.16	72.45	60.92	39.73
230	58.33	69.17	69.92	55.57	64.64	72.83	61.36	39.79
231	58.66	69.47	70.21	55.91	65.11	73.19	61.80	39.87
232	59.00	69.75	70.49	56.25	65.57	73.55	62.20	39.94
233	59.33	70.03	70.75	56.57	66.01	73.89	62.60	40.02
234	59.65	70.29	70.99	56.89	66.45	74.22	62.98	40.10
235	59.97	70.54	71.23	57.20	66.87	74.54	63.34	40.19
236	60.28	70.78	71.45	57.50	67.27	74.84	63.68	40.28
237	60.58	71.02	71.66	57.80	67.67	75.14	64.00	40.37
238	60.89	71.24	71.85	58.08	68.05	75.42	64.30	40.46
239	61.18	71.45	72.04	58.36	68.42	75.70	64.60	40.55
240	61.47	71.66	72.23	58.64	68.78	75.96	64.88	40.66
241	61.75	71.87	72.41	58.91	69.13	76.21	65.16	40.76
242	62.02	72.06	72.58	59.17	69.47	76.46	65.42	40.87
243	62.30	72.24	72.73	59.43	69.79	76.70	65.68	40.99
244	62.56	72.43	72.89	59.67	70.11	76.93	65.91	41.09
245	62.82	72.60	73.03	59.92	70.42	77.15	66.14	41.20
246	63.08	72.77	73.18	60.16	70.71	77.36	66.36	41.32
247	63.33	72.94	73.31	60.39	71.00	77.57	66.57	41.43
248	63.58	73.10	73.45	60.62	71.28	77.77	66.77	41.54
249	63.81	73.26	73.57	60.84	71.55	77.96	66.96	41.67
250	64.05	73.41	73.69	61.06	71.81	78.15	67.15	41.79
251	64.28	73.56	73.81	61.27	72.07	78.33	67.33	41.90
252	64.51	73.71	73.93	61.47	72.32	78.51	67.50	42.02
253	64.73	73.66	73.78	61.67	72.56	78.23	67.67	42.14
254	64.94	73.20	73.09	61.87	72.71	77.23	67.77	42.26
255	65.14	72.42	72.10	62.03	72.71	75.94	67.76	42.38
256	65.27	71.49	70.95	62.13	72.56	74.60	67.60	42.50
257	65.35	70.50	69.78	62.17	72.27	73.28	67.30	42.62
258	65.36	69.50	68.60	62.13	71.90	72.03	66.91	42.73
259	65.31	68.53	67.48	62.04	71.45	70.87	66.43	42.85
260	65.21	67.60	66.40	61.89	70.97	69.80	65.89	42.96
261	65.06	66.72	65.39	61.71	70.46	68.81	65.31	43.07
262	64.88	65.90	64.44	61.48	69.92	67.88	64.70	43.18
263	64.67	65.13	63.55	61.23	69.37	67.02	64.06	43.28
264	64.43	64.41	62.73	60.96	68.81	66.22	63.43	43.39
265	64.18	63.74	61.97	60.68	68.25	65.48	62.79	43.48
266	63.92	63.11	61.26	60.39	67.70	64.78	62.15	43.58
267	63.64	62.53	60.60	60.09	67.15	64.13	61.54	43.67
268	63.37	61.98	59.99	59.78	66.60	63.52	60.93	43.76
269	63.09	61.48	59.42	59.48	66.05	62.94	60.34	43.84
270	62.80	61.00	58.89	59.17	65.53	62.40	59.77	43.92
271	62.52	60.56	58.40	58.86	65.00	61.88	59.22	43.99
272	62.25	60.15	57.94	58.56	64.48	61.38	58.68	44.05
273	61.96	59.76	57.52	58.26	63.98	60.92	58.17	44.11
274	61.68	59.39	57.13	57.96	63.49	60.47	57.68	44.16
275	61.41	59.05	56.76	57.67	63.01	60.05	57.21	44.21
276	61.14	58.73	56.42	57.39	62.55	59.64	56.77	44.25
277	60.87	58.42	56.09	57.11	62.10	59.27	56.34	44.29
278	60.60	58.14	55.79	56.83	61.66	58.89	55.93	44.32
279	60.34	57.87	55.51	56.56	61.23	58.54	55.54	44.35
280	60.08	57.61	55.25	56.29	60.82	58.21	55.16	44.37
281	59.83	57.36	55.00	56.04	60.41	57.88	54.81	44.38
282	59.58	57.13	54.76	55.78	60.02	57.57	54.47	44.39
283	59.34	56.90	54.54	55.53	59.64	57.27	54.16	44.40
284	59.10	56.70	54.33	55.29	59.27	56.98	53.84	44.40
285	58.87	56.49	54.13	55.05	58.91	56.70	53.55	44.40
286	58.63	56.30	53.95	54.82	58.56	56.44	53.28	44.39
287	58.40	56.11	53.76	54.59	58.23	56.19	53.01	44.38
288	58.18	55.93	53.60	54.37	57.90	55.94	52.76	44.37
289	57.95	55.76	53.44	54.16	57.59	55.70	52.52	44.36
290	57.75	55.59	53.29	53.95	57.28	55.47	52.30	44.34
291	57.54	55.44	53.14	53.74	56.99	55.25	52.08	44.32
292	57.34	55.28	53.00	53.54	56.69	55.04	51.87	44.29
293	57.13	55.14	52.87	53.35	56.42	54.83	51.68	44.27
294	56.94	54.99	52.75	53.16	56.15	54.64	51.49	44.24
295	56.74	54.85	52.58	52.94	55.87	54.44	51.28	44.19
296	56.55	54.71	52.45	52.75	55.60	54.23	51.07	44.11
297	56.37	54.59	52.36	52.59	55.36	54.04	50.92	44.09
298	56.19	54.47	52.26	52.43	55.12	53.88	50.77	44.07
299	56.01	54.34	52.17	52.26	54.89	53.71	50.63	44.04
300	55.83	54.22	52.07	52.10	54.67	53.55	50.49	44.01
301	55.66	54.10	51.97	51.94	54.45	53.40	50.36	43.98
302	55.49	53.99	51.88	51.79	54.25	53.25	50.23	43.94
303	55.33	54.06	52.04	51.63	54.05	53.60	50.11	43.91
304	55.16	54.62	52.81	51.49	53.93	54.81	50.05	43.87
305	55.03	55.53	53.95	51.37	53.98	56.35	50.12	43.82
306	54.95	56.62	55.27	51.31	54.23	57.94	50.34	43.78
307	54.93	57.78	56.64	51.33	54.62	59.46	50.71	43.73
308	54.99	58.95	57.99	51.42	55.10	60.89	51.20	43.70
309	55.12	60.09	59.29	51.58	55.66	62.21	51.78	43.66
310	55.30	61.16	60.54	51.80	56.26	63.42	52.42	43.62
311	55.54	62.18	61.69	52.06	56.90	64.54	53.11	43.58
312	55.81	63.14	62.79	52.37	57.55	65.57	53.83	43.55
313	56.12	64.03	63.80	52.70	58.21	66.51	54.57	43.52
314	56.44	64.86	64.74	53.07	58.88	67.40	55.31	43.50
315	56.78	65.64	65.62	53.44	59.53	68.21	56.06	43.47
316	57.14	66.36	66.43	53.82	60.19	68.98	56.79	43.45
317	57.50	67.04	67.17	54.21	60.84	69.69	57.51	43.43
318	57.88	67.67	67.87	54.61	61.48	70.37	58.21	43.42
319	58.25	68.25	68.51	55.00	62.11	71.00	58.89	43.42
320	58.61	68.80	69.11	55.40	62.72	71.60	59.56	43.42
321	58.99	69.31	69.66	55.78	63.32	72.16	60.21	43.42
322	59.35	69.79	70.18	56.17	63.91	72.70	60.82	43.43
323	59.72	70.25	70.66	56.55	64.49	73.21	61.42	43.45
324	60.08	70.67	71.10	56.93	65.04	73.69	61.99	43.47
325	60.44	71.07	71.52	57.30	65.59	74.16	62.54	43.49
326	60.80	71.45	71.91	57.66	66.12	74.60	63.06	43.53
327	61.14	71.81	72.27	58.01	66.63	75.03	63.56	43.57
328	61.49	72.14	72.61	58.37	67.13	75.44	64.04	43.61
329	61.82	72.46	72.93	58.71	67.62	75.83	64.50	43.66
330	62.15	72.76	73.23	59.04	68.10	76.19	64.94	43.71
331	62.47	73.04	73.51	59.37	68.55	76.56	65.36	43.77
332	62.79	73.32	73.78	59.69	69.00	76.90	65.76	43.84
333	63.11	73.58	74.03	59.99	69.43	77.23	66.14	43.90
334	63.42	73.83	74.26	60.30	69.84	77.55	66.50	43.97
335	63.71	74.07	74.49	60.59	70.25	77.85	66.85	44.05
336	64.01	74.29	74.70	60.89	70.64	78.14	67.18	44.13
337	64.30	74.52	74.90	61.17	71.02	78.42	67.49	44.21
338	64.58	74.73	75.09	61.45	71.39	78.70	67.79	44.30
339	64.86	74.93	75.27	61.71	71.75	78.96	68.08	44.38
340	65.13	75.12	75.44	61.98	72.09	79.21	68.35	44.48
341	65.40	75.32	75.60	62.23	72.43	79.45	68.62	44.57
342	65.66	75.49	75.76	62.49	72.75	79.68	68.87	44.67
343	65.92	75.67	75.92	62.73	73.06	79.91	69.11	44.77
344	66.17	75.84	76.06	62.97	73.37	80.12	69.34	44.86
345	66.42	76.00	76.19	63.20	73.66	80.33	69.56	44.97
346	66.66	76.16	76.32	63.43	73.95	80.54	69.77	45.07
347	66.89	76.31	76.44	63.65	74.23	80.73	69.96	45.17
348	67.13	76.46	76.56	63.86	74.49	80.92	70.16	45.28
349	67.35	76.61	76.68	64.07	74.75	81.10	70.34	45.39
350	67.57	76.75	76.79	64.27	75.01	81.27	70.52	45.49
351	67.79	76.89	76.89	64.47	75.25	81.45	70.68	45.60
352	68.02	77.02	77.00	64.67	75.48	81.61	70.85	45.72
353	68.22	77.06	76.96	64.85	75.72	81.52	71.01	45.83
354	68.42	76.68	76.38	65.03	75.89	80.65	71.11	45.94
355	68.60	75.96	75.44	65.19	75.92	79.41	71.12	46.05
356	68.74	75.05	74.31	65.29	75.80	78.06	70.99	46.15
357	68.81	74.05	73.15	65.33	75.54	76.73	70.72	46.26
358	68.83	73.05	71.95	65.31	75.17	75.46	70.35	46.37
359	68.77	72.06	70.81	65.22	74.74	74.28	69.88	46.48
360	68.67	71.11	69.72	65.07	74.26	73.17	69.35	46.58
361	68.51	70.22	68.69	64.88	73.74	72.15	68.76	46.69
362	68.32	69.36	67.71	64.65	73.21	71.21	68.15	46.79
363	68.10	68.57	66.81	64.40	72.66	70.33	67.52	46.88
364	67.86	67.83	65.96	64.12	72.09	69.51	66.87	46.97
365	67.60	67.14	65.17	63.82	71.53	68.75	66.22	47.07
366	67.32	66.49	64.44	63.52	70.96	68.04	65.59	47.15
367	67.05	65.88	63.75	63.21	70.41	67.38	64.96	47.24
368	66.76	65.32	63.13	62.90	69.85	66.75	64.34	47.32
369	66.46	64.80	62.54	62.58	69.30	66.16	63.74	47.39
370	66.17	64.31	61.99	62.26	68.75	65.60	63.16	47.46
371	65.88	63.85	61.48	61.94	68.22	65.06	62.59	47.51
372	65.59	63.42	61.02	61.63	67.70	64.57	62.05	47.57
373	65.29	63.01	60.58	61.32	67.19	64.08	61.53	47.63
374	65.00	62.63	60.16	61.01	66.69	63.63	61.03	47.67
375	64.72	62.28	59.77	60.71	66.20	63.19	60.54	47.70
376	64.43	61.94	59.42	60.41	65.73	62.77	60.07	47.74
377	64.15	61.62	59.08	60.12	65.27	62.38	59.64	47.77
378	63.87	61.32	58.77	59.83	64.82	61.99	59.21	47.79
379	63.60	61.03	58.47	59.55	64.38	61.63	58.82	47.81
380	63.33	60.76	58.19	59.27	63.96	61.29	58.42	47.83
381	63.06	60.50	57.92	59.00	63.55	60.95	58.06	47.83
382	62.80	60.26	57.68	58.73	63.14	60.62	57.72	47.84
383	62.54	60.02	57.45	58.47	62.75	60.32	57.38	47.84
384	62.29	59.80	57.23	58.22	62.37	60.02	57.07	47.83
385	62.04	59.58	57.02	57.97	62.00	59.74	56.76	47.82
386	61.79	59.38	56.82	57.73	61.65	59.46	56.47	47.80
387	61.56	59.19	56.63	57.49	61.31	59.19	56.20	47.79
388	61.33	58.99	56.45	57.27	60.97	58.93	55.93	47.77
389	61.10	58.81	56.28	57.04	60.64	58.69	55.68	47.74
390	60.87	58.63	56.11	56.82	60.32	58.45	55.44	47.71
391	60.64	58.46	55.96	56.60	60.02	58.22	55.21	47.69
392	60.43	58.30	55.80	56.39	59.72	58.00	54.99	47.66
393	60.22	58.14	55.66	56.18	59.43	57.79	54.79	47.62
394	60.01	57.99	55.52	55.99	59.15	57.58	54.59	47.58
395	59.81	57.84	55.40	55.79	58.88	57.38	54.40	47.55
396	59.60	57.69	55.27	55.60	58.62	57.19	54.22	47.51
397	59.41	57.56	55.15	55.41	58.37	57.00	54.05	47.47
398	59.21	57.42	55.03	55.23	58.12	56.82	53.89	47.43
399	59.02	57.29	54.92	55.05	57.88	56.64	53.73	47.38
400	58.84	57.16	54.81	54.88	57.64	56.48	53.58	47.34
401	58.65	57.03	54.70	54.71	57.42	56.31	53.43	47.29