1	16.67	16.98	15.47	19.23	16.24	16.59	15.42	16.83
2	16.66	16.99	15.60	19.20	16.98	17.54	16.97	16.95
3	16.78	17.14	16.36	19.17	18.97	19.88	19.89	17.55
4	17.17	17.56	17.58	19.15	21.08	22.26	22.46	18.66
5	17.77	18.22	18.96	19.13	22.97	24.38	24.58	20.01
6	18.50	18.98	20.37	19.13	24.58	26.17	26.36	21.43
7	19.30	19.82	21.76	19.14	25.96	27.67	27.86	22.81
8	20.12	20.66	23.09	19.17	27.15	28.93	29.17	24.10
9	20.92	21.48	24.36	19.22	28.16	30.00	30.32	25.30
10	21.72	22.29	25.55	19.30	29.05	30.91	31.35	26.40
11	22.49	23.05	26.66	19.40	29.84	31.69	32.27	27.37
12	23.23	23.79	27.71	19.51	30.53	32.37	33.11	28.26
13	23.95	24.48	28.68	19.65	31.16	32.96	33.86	29.05
14	24.64	25.15	29.58	19.81	31.73	33.48	34.56	29.77
15	25.29	25.77	30.43	19.99	32.25	33.95	35.20	30.40
16	25.93	26.38	31.21	20.16	32.72	34.37	35.80	30.97
17	26.52	26.93	31.94	20.35	33.17	34.75	36.34	31.50
18	27.11	27.47	32.62	20.56	33.59	35.10	36.84	31.97
19	27.66	27.97	33.24	20.76	33.98	35.41	37.31	32.39
20	28.19	28.45	33.83	20.98	34.34	35.72	37.74	32.78
21	28.70	28.90	34.38	21.19	34.69	35.99	38.13	33.13
22	29.18	29.34	34.89	21.40	35.01	36.25	38.51	33.46
23	29.64	29.74	35.36	21.61	35.33	36.49	38.86	33.75
24	30.10	30.13	35.81	21.84	35.63	36.72	39.18	34.02
25	30.53	30.50	36.22	22.04	35.92	36.94	39.49	34.28
26	30.94	30.85	36.61	22.25	36.19	37.15	39.77	34.51
27	31.33	31.18	36.98	22.46	36.46	37.34	40.04	34.73
28	31.71	31.51	37.32	22.66	36.71	37.54	40.30	34.94
29	32.08	31.81	37.65	22.85	36.96	37.72	40.53	35.13
30	32.43	32.09	37.95	23.05	37.19	37.89	40.76	35.31
31	32.77	32.37	38.24	23.24	37.42	38.06	40.97	35.48
32	33.10	32.64	38.51	23.43	37.65	38.23	41.18	35.64
33	33.41	32.89	38.77	23.61	37.86	38.38	41.36	35.79
34	33.72	33.14	39.01	23.79	38.06	38.53	41.55	35.95
35	34.01	33.37	39.24	23.97	38.26	38.68	41.72	36.08
36	34.29	33.59	39.46	24.15	38.46	38.82	41.89	36.22
37	34.56	33.81	39.67	24.31	38.65	38.96	42.04	36.35
38	34.82	34.02	39.86	24.48	38.83	39.10	42.20	36.47
39	35.08	34.22	40.05	24.64	39.01	39.23	42.34	36.59
40	35.33	34.41	40.23	24.80	39.19	39.36	42.48	36.71
41	35.57	34.60	40.41	24.96	39.35	39.49	42.62	36.82
42	35.79	34.78	40.58	25.11	39.52	39.61	42.75	36.93
43	36.02	34.96	40.74	25.26	39.68	39.72	42.87	37.04
44	36.24	35.13	40.89	25.41	39.84	39.85	43.00	37.15
45	36.45	35.29	41.05	25.55	40.00	39.96	43.12	37.24
46	36.65	35.45	41.19	25.70	40.15	40.07	43.24	37.35
47	36.85	35.61	41.33	25.84	40.29	40.18	43.35	37.45
48	37.05	35.76	41.46	25.97	40.43	40.29	43.46	37.54
49	37.23	35.90	41.59	26.11	40.57	40.40	43.57	37.64
50	37.42	36.04	41.72	26.25	40.71	40.51	43.67	37.73
51	37.60	36.18	41.84	26.37	40.85	40.61	43.77	37.83
52	37.76	36.32	41.96	26.50	40.98	40.71	43.88	37.92
53	37.94	36.45	42.08	26.63	41.11	40.81	43.98	38.01
54	38.11	36.58	42.19	26.75	41.24	40.91	44.07	38.09
55	38.26	36.71	42.30	26.88	41.36	41.01	44.17	38.18
56	38.42	36.83	42.42	27.00	41.48	41.11	44.27	38.27
57	38.58	36.95	42.52	27.12	41.61	41.20	44.36	38.36
58	38.72	37.06	42.62	27.24	41.73	41.30	44.45	38.44
59	38.88	37.18	42.73	27.36	41.84	41.39	44.53	38.53
60	39.02	37.29	42.83	27.47	41.96	41.48	44.63	38.62
61	39.16	37.40	42.93	27.58	42.07	41.57	44.71	38.70
62	39.30	37.51	43.03	27.70	42.18	41.67	44.80	38.78
63	39.43	37.62	43.12	27.81	42.29	41.75	44.88	38.87
64	39.56	37.72	43.22	27.92	42.40	41.84	44.97	38.95
65	39.69	37.82	43.31	28.03	42.50	41.93	45.05	39.03
66	39.82	37.93	43.40	28.14	42.61	42.01	45.14	39.11
67	39.94	38.03	43.49	28.24	42.71	42.10	45.22	39.19
68	40.06	38.12	43.58	28.34	42.81	42.18	45.30	39.28
69	40.18	38.22	43.68	28.46	42.91	42.27	45.38	39.35
70	40.30	38.32	43.76	28.55	43.01	42.35	45.46	39.44
71	40.41	38.41	43.85	28.66	43.11	42.44	45.54	39.51
72	40.52	38.51	43.93	28.76	43.21	42.52	45.62	39.59
73	40.64	38.60	44.02	28.86	43.30	42.60	45.70	39.67
74	40.75	38.69	44.10	28.96	43.40	42.67	45.78	39.75
75	40.86	38.78	44.19	29.06	43.49	42.76	45.85	39.83
76	40.97	38.86	44.26	29.16	43.58	42.83	45.93	39.90
77	41.07	38.95	44.34	29.25	43.68	42.91	46.00	39.99
78	41.17	39.04	44.42	29.35	43.77	42.99	46.08	40.06
79	41.27	39.13	44.50	29.45	43.85	43.07	46.15	40.14
80	41.37	39.21	44.58	29.54	43.94	43.14	46.23	40.22
81	41.47	39.29	44.66	29.63	44.03	43.22	46.30	40.29
82	41.56	39.37	44.74	29.72	44.11	43.30	46.37	40.37
83	41.66	39.46	44.81	29.82	44.20	43.37	46.45	40.44
84	41.76	39.53	44.89	29.91	44.28	43.45	46.52	40.52
85	41.85	39.61	44.97	30.00	44.36	43.52	46.59	40.60
86	41.94	39.69	45.04	30.09	44.44	43.59	46.66	40.67
87	42.03	39.76	45.11	30.19	44.52	43.66	46.73	40.74
88	42.12	39.85	45.19	30.27	44.61	43.73	46.80	40.82
89	42.21	39.92	45.25	30.36	44.69	43.81	46.87	40.89
90	42.29	40.00	45.33	30.45	44.77	43.88	46.94	40.96
91	42.38	40.07	45.40	30.53	44.85	43.95	47.01	41.04
92	42.46	40.14	45.48	30.62	44.92	44.02	47.08	41.11
93	42.55	40.22	45.55	30.71	45.00	44.09	47.15	41.19
94	42.63	40.29	45.62	30.79	45.07	44.16	47.22	41.26
95	42.71	40.36	45.68	30.87	45.15	44.23	47.28	41.33
96	42.79	40.43	45.75	30.96	45.22	44.29	47.35	41.40
97	42.88	40.50	45.82	31.04	45.30	44.36	47.42	41.47
98	42.95	40.57	45.89	31.12	45.37	44.43	47.49	41.54
99	43.04	40.64	45.96	31.21	45.44	44.50	47.55	41.61
100	43.11	40.71	46.02	31.28	45.52	44.56	47.62	41.68
101	43.19	40.77	46.09	31.37	45.59	44.63	47.68	41.75
102	43.27	40.85	46.16	31.45	45.66	44.69	47.75	41.82
103	43.34	40.91	46.23	31.53	45.73	44.76	47.81	41.89
104	43.42	40.98	46.29	31.60	45.80	44.82	47.88	41.96
105	43.49	41.05	46.36	31.68	45.87	44.89	47.94	42.02
106	43.56	41.11	46.43	31.76	45.94	44.95	48.01	42.09
107	43.63	41.18	46.49	31.85	46.01	45.01	48.07	42.17
108	43.70	41.24	46.55	31.92	46.07	45.08	48.13	42.23
109	43.77	41.30	46.62	31.99	46.14	45.14	48.19	42.29
110	43.85	41.37	46.68	32.07	46.20	45.20	48.26	42.37
111	43.92	41.43	46.74	32.15	46.28	45.26	48.32	42.43
112	43.99	41.50	46.81	32.22	46.34	45.33	48.38	42.50
113	44.06	41.56	46.86	32.30	46.41	45.39	48.44	42.57
114	44.13	41.62	46.93	32.37	46.47	45.45	48.50	42.63
115	44.19	41.68	46.99	32.45	46.53	45.51	48.56	42.70
116	44.26	41.75	47.05	32.52	46.60	45.57	48.62	42.76
117	44.33	41.81	47.11	32.60	46.66	45.63	48.68	42.83
118	44.39	41.87	47.17	32.67	46.72	45.68	48.74	42.89
119	44.46	41.93	47.23	32.74	46.79	45.75	48.80	42.96
120	44.52	41.99	47.29	32.81	46.85	45.80	48.86	43.02
121	44.58	42.04	47.35	32.88	46.91	45.86	48.92	43.08
122	44.65	42.10	47.40	32.95	46.97	45.92	48.97	43.14
123	44.71	42.16	47.47	33.02	47.03	45.98	49.03	43.21
124	44.77	42.22	47.52	33.09	47.09	46.03	49.09	43.27
125	44.83	42.28	47.58	33.16	47.15	46.09	49.14	43.33
126	44.89	42.34	47.64	33.23	47.21	46.15	49.20	43.39
127	44.96	42.40	47.70	33.30	47.27	46.21	49.26	43.46
128	45.02	42.45	47.75	33.36	47.33	46.26	49.32	43.51
129	45.07	42.51	47.81	33.43	47.39	46.32	49.38	43.57
130	45.13	42.57	47.87	33.50	47.45	46.38	49.44	43.64
131	45.19	42.62	47.93	33.57	47.50	46.43	49.49	43.70
132	45.25	42.68	47.98	33.63	47.56	46.49	49.55	43.76
133	45.30	42.73	48.03	33.70	47.62	46.54	49.60	43.81
134	45.36	42.79	48.09	33.76	47.68	46.60	49.65	43.87
135	45.42	42.84	48.14	33.82	47.74	46.65	49.71	43.93
136	45.48	42.90	48.19	33.89	47.79	46.71	49.76	43.99
137	45.54	42.95	48.25	33.96	47.85	46.76	49.82	44.05
138	45.59	43.01	48.30	34.02	47.91	46.82	49.87	44.11
139	45.65	43.06	48.35	34.09	47.96	46.87	49.92	44.17
140	45.71	43.11	48.40	34.14	48.01	46.92	49.97	44.22
141	45.76	43.16	48.46	34.21	48.07	46.97	50.02	44.28
142	45.81	43.22	48.51	34.27	48.13	47.03	50.08	44.33
143	45.87	43.27	48.56	34.33	48.18	47.08	50.12	44.39
144	45.92	43.32	48.61	34.39	48.23	47.13	50.18	44.44
145	45.97	43.37	48.66	34.46	48.28	47.18	50.23	44.50
146	46.02	43.41	48.71	34.52	48.33	47.23	50.28	44.56
147	46.08	43.47	48.76	34.58	48.39	47.29	50.33	44.61
148	46.14	43.52	48.81	34.64	48.44	47.34	50.38	44.67
149	46.19	43.57	48.86	34.69	48.49	47.38	50.42	44.72
150	46.24	43.62	48.91	34.75	48.55	47.43	50.47	44.77
151	46.29	43.66	48.96	34.81	48.59	47.49	50.52	44.83
152	46.34	43.71	49.01	34.87	48.64	47.54	50.57	44.88
153	46.40	43.76	49.06	34.92	48.70	47.58	50.62	44.93
154	46.45	43.81	49.11	34.98	48.75	47.63	50.67	44.99
155	46.50	43.85	49.16	35.04	48.80	47.68	50.71	45.04